$ANSIBLE_VAULT;1.1;AES256
34333532636634363961326533353132613762313832393965373434623962613339616364626433
3837663966613665613464393138653032326333393162390a353735336233326138336537653533
39323665633264663532663436623431653832653164643039303266663465313937333231356434
3534323134366133650a646161383132363334363939303564633266313833306235313837316466
63373136353765653263663233653632333461396231383461346463663433383763313138323036
64346263333266333066326638323738643431623562306465646538386634616664633031303461
30656133616164316533333237666466633066653664303964616266303664636439313534333966
66633262663438653663376533663034666562616132386162613630656661616436353265643164
36613562616565626166326363636433353238643538646537663236336636303666656131613363
31306338643833613938663030303832383764643130633361313231383832616263376666383666
37376433616133663665343938613061333834643262363464663464313463363032373061306664
66353663663665623833373865393034646634323939393835643634653030363263353231633737
37386135343731323931613838663332323039626662666461383134376337636336616464386435
61346461396464636263316331333264366662656565646166353830303135663362623562373338
30313763353163646662356563373662623837383438323164363962633561323866306538626230
32386137666533376330386635393461353238633763393866643165363139386161666136396464
31393166653935373966386639623236306232343264623732356133373265373938653532366331
62646363656430383963313338326465336464396332393162333131356233323061393734616565
35346533343363343864623962306639653735353161633338316264343861313561343737396261
65613038636234616565366635323032383264633931393936643932303166646534646365386131
37323438623665373866616437623738666263333462353437396333326266336133313332356139
34343865633636653932656562326466653734353534656362343863396664346234616333393130
36633837376632636231313932396139613961313831383634313861663261386534333236316562
30336663376232333461353531363566613163316235303366623439666434653365336336323632
34313365303032663336636662633464616362323233636465333338306138356432613962383765
31376239346137333435366230303930613639313132303362323861386632386432633032353031
61393563613666333562663761636634643231663266616338643563393364656338663863323661
37616364363934303638633039303462666339346135663361313262363261613937666437626464
36386130626338653934366364393038366261303665323032623932396331393039656162326466
66346138643231343532313833323132636235326433353531383639316561643238623139306237
65323631303638616138336435373930666535393563393638316330353965653138363761306162
35336462626131646564373238653831396231306332323532623031313266613330333366363166
32363838363961663633373561626633653736396266666336336336333665613365396666346564
64386361333832333563366532366635336265326561356439653037333432636330633664613433
34663535373335346333313161616335666134303933373736303164363330306631656539353638
66303733383133633633636131333262313437653064636364366439313864336561336662393332
34656634386364346230353562636231643031393038633435663461336635643564376139353564
36383435313966663934363762393730623335616666366361363436393966643636343163333934
64376437373834323938393761653562356138613764306262383137306535373934336465313835
66356638663866333636626236363461643066313663643437373733633735623932636166356232
30356535376161363764363362363664663730626239383861343739626132363236346331333666
35333332393234636237663737306565663435376430383634626663323636313566663963326162
33656234366238303436656633336331316465343938623566646234363461623531633938663063
36316261363536636431363532656163663766626361393434393565393265643231633232363133
38666334383065663561393332346163653463396235623733663534373736366630633930323638
63386361366238336639383733623331373035393661643335643564386365376235313133396534
30653162356163646165373935643462343535623730363734623864623937383631393566313761
35656139353835303337653935313337376139316133616132313137333438326438653861343962
37383736646334386462356466313931376337366538333432383037353261626464646534646235
61666366663265383563613732613265353030656134643136386139383766353137633533343162
65313863613139376237636638636135646262353134396661373561643862343031343736613435
31633561343136383238613161323134313434663165623234363534633233653031353332663761
64303739383036326131303766633664323238663630346534623738323031333732346234663131
36636432616664643765313333393739346332346230316534643131396564303530633262316563
32336333386532343464373034636437383635666239376634643162303662626464653531316430
35623564376437326531646565363432353730356263333536323639646333383631396566613262
62303231323065316563626635633964616163313465313335643433633137336530636637363662
63373963353761383263663961623439643637636230353031613832333764323030356166613034
62366463653530623662356561363864653234336533333933356531346161386330306639643336
34653666373865623231336137636335306464646362303633333262303864376565316339386334
36643934623831316537326335376231363830303937366530353038366136393339663662373766
64633036383163653835303038363138656361303836356533666630643234393230633462323133
62376430663737663066386539636362333339616433346636643431353337646361663737656465
32363463636265363234653165363230663264313936633934653131666439326635393538373735
65333365646161313062396231376333336537656338653830326439376233383338663635613532
30323362363231303031636230306234306530313163613831393263623235613431386366326133
35646262643366303932383230613261646166353837663364626134663263323132373731386532
65326561396264303965343735393664333761623132643032363339666334323763353132383163
39633131393461353561353065306631303661303931303739326637383834643562633463393730
65626363343530646565383738653631373362633235313433633337373366363065393265366239
32616339616162313034653637353865643235336564313661623134653232306166326436643762
64363831616262623564616265656166313933663539323365623239616231616464356366303865
64326364386239303465623832373930343161643838386435643062623763383033303835333239
30353361633437343061303438393836346632313032653433346162356231623332633063636231
32656461643835616536386333366363316433393165306366366162316264613464326361306338
31393363623765383866636464303738333138366461643530633139613764663539373034656235
32316134643761356466633966346262333762303132336633306234633063396634653464383636
62363830346534363065353566623832636339366130663465363433646362366664363430353131
38653739396330623035653237396230643337613135333336613837353332313039613836663865
38613461653135323732653637613033656531663738356132376439656637383765646562613066
36396438313838626338366635393135636137356233656166623930316663376562623863313637
36623735636639356561623465396639323965383962336462366332633536393030383566393032
37663964643366636130393337613733323064323236346336633037646134383938656133616135
62653935613963663461303331386333656462663365353134343564613438373262383136633335
32656635613062396433646238313231373335373664373636373033303132373561323733643637
35313833393130306539366331636466303234343439663766396563613732303539316630636639
66346334396462636135363835633466303865316135343938636132353031363235373735313637
39626530633861306266326332633164663037613666383137396338623738656339396565363536
33333563363933313931613432336166353831383032333439653264633735376534386538633666
66376335353735323763363661343732383931326435343366383632303763646537383038396264
31346462333031356230396564323438343335393832336465343331643933643835303366643865
37363734613863343538353037373530363835633366373633663031373738326234653636656535
36666366343133356365353566333638326164383134383731366231376531326331656166356665
64663538323937363663386136383139616135646238383262396565303865393634363636656533
34376131336462616261313034383135653364666361356434333162393636306436613632373830
66386563643135363162323662386334303438396364626266343462656136663936626632356532
36373338653165636432333833353863386431373039356165626266623633336531653831333331
32346462336565653530623936623437343836393537326635333839323066316465383937666537
36623462613931373362666231643238303165373532323330663234643365376463653835306164
64613435633961393163663163396165343964373438313234643834336231653236393066656331
33646162326237633065383430666437366137383662313637616231356262356561653431613865
31346439326230616135336331653765383363616661636338666162326233356133633030356438
33326664373235333230316338616630303032363032353331313464386638363536343131313366
35643162323862373530646631653831363937336565343265626539313262663039373831376532
34306531666132363734653939323330376635656438336431306239613963323364613838396638
32666632343332633235343166383166356565306433616530626238363037396530383663643065
64666562333636656662653038313933373939633238613161303033353335376665316361626138
65313464666630636464663931303238656137323464653065333465633934373662373039356138
66363565653564396439343736343661313636653830306435313466623735646161346431386531
65333534616466636437663563343365313465653262373239333939343435343762303430623463
34663464383463616237316663373365373639313839366566643333343436336464393963633162
33633361663130326132616363396461626566613165396534626138613033333036393139633839
61363339666562306439313235353038626331363739353738633161306135336263306539363537
64353532323462346561373632633637636561323966333236303931323434353634636461613232
30336434343437363836643632653238306261333564656330653236393064303931663765303765
36383937653966343339393530343834663636383536626531396133353533643164336137313162
66626435396533663365643661656139333435393032363764653635613437306239393061396534
33363162366638343334356535333662613935373335323263343333623062353732306562326232
34373138623766363531363333313236653638356135383364336430666637653462613633343438
35636436623165353562613436373365636139373762313837633866353132343136363537306539
30666266336135663864633436303838306464366466313662303030363838386564346666383935
66643733336138363563306331643130373231626133613733616461663538323137643663333261
30626638633839653736313132623761633131363834373230626133383031363731643538643239
64393132366661333361396233646135353462333930626165323033333631346366643039623833
65363031653835623965643734343834396566643164306433626436633265366632373462663936
65653132333536303633376432343538306136326636633639376665623239346233613035323437
37636163313034386362633038366139333238653739646630353132343765626164643961336633
62616466653064336332643165313762306530316236393130666137373436336538323461383135
31316265326538666533353765653232396163663334623333663739636533653431353230356466
30323633613830323562316630366333646333346133623539386135386463333739373936646365
37663533646461326338653261653065613234306165353236363165333661643234376665666239
35616263633031633731376539313334626462353938386634653931383364653263323161383438
32666338396261633764306239626466313866386365353234323939383739373835356138343032
34323939653964653036353838323064336332353464396431306339333263343238626163616161
63646566343831346438396133393765323831623335633735623862336166303634613730343131
38363165613764653336323066666334346266303161653632633266353831653161656438333266
65383334386639343738636464396162393166663863663861393562363965623337316266303034
64366364653833333861663662396161393135636637383430383365653036393362323332643130
64383964636138623836346432343537626639323737356136383965323863366261363463393765
34363662376335643338376537626164303766613233653730353037343633636463643133353334
35623364393035623237616439383962656261316132383264376265383233383731323339613138
35643864636630346337383365633837613330393632373539353339653064623736653734646631
38653530656661616365623064366263396539663038663434313139613038313664643836336163
61396232616265633763613936383264343663323766303062306336386138366632353936333837
65663661633465353439386636663233393961353436323735353164323031313861623961616337
63303163633166343961633335386430386432333232636130323730646166353339663735666637
33346536376465326430363133346563613830396238323934393933343463656538363933336136
31613764396233323761656631323765363531313532666435663061653238663936663235343565
66313337313066343235636334316437353166643961626130333665343032623532613638633762
62343334346335356637343930336661353837366437313561633837396430363034616134626665
66313765323932313730393865653266333538336362396137646461346131663261666430343632
39613763653838323636323436633562613161303830383232646634373332613635616239326334
65333438646561376230616637396633373866396637333132306362306632376530323633663365
34373833386163373630376234636461303937626163356636633438626664383865323636333563
31323236376633313366643265663637626461383339353230313633343666303438656133303933
37393666613863356130616665356335323261646561643536336238653637343737363139306238
37383438356330623733323233313938356635663464626134353564653062646530